50 50
0000000000000000000S000000000000000000000000000000
00000000000000000001000000000000000000000000000000
00000000000000000001000000000000000000000000000000
00000000000000000001000000000000000000000000000000
00000000000000000001110000000000000000000000000000
00000000000000000000010000000000000000000000000000
00000000000000000000010000000000000000000000000000
00000000000000000000010000000000000000000000000000
00000000000000000000010000000000000010000000000000
00000000000000000000010000000000000110000000000000
00000000000000000000011110001110000100000000000000
00000000000000000000000010000010000100000000000000
00000000000000000000000010000010000100000000000000
00000000000000000000000010000010000100000000000000
00000000000000000000111110000011111100000000000000
00000000000000000000100010000010000000000000000000
00000000000000000000100000000010000000000000000000
00000000000000000000100000000010000000000000000000
00000000000000000000111111111110000000000000000000
00000000000000000011100000000000000000000000000000
00000000000001111110000000000000000000000000000000
00000000000001000011000000000000000000000000000000
00000000000001000001000000000000000000000000000000
00000000000001000001000000000000000000000000000000
00000000000001000001000000001110000000000000000000
00000000000111000001000000001010000000000000000000
00000000000000000001000000001010000000000000000000
00000000000000000001111111111010000000000000000000
00000000000000000000000010000010000000000000000000
00000000000000000000000010000010000000000000000000
00000000000000000000000010000010000000000000000000
00000000000000000000000010000010000000000000000000
0000000000000000000000001000001111111110000111111E
00000000000000000000001110000000000000100001000000
00000000000000000000011000000000000000100001000000
00000000000000000000010000000000000000100001000000
00000000000000000000010000000000000000100001000000
00000000000000000000010000000000000000111111000000
00000000000000000000010000000000000000000000000000
00000000000000000001110000000000000000000000000000
00000000000000000000000000000000000000000000000000
00000000000000000000000000000000000000000000000000
00000000000000000000000000000000000000000000000000
00000000000000000000000000000000000000000000000000
00000000000000000000000000000000000000000000000000
00000000000000000000000000000000000000000000000000
00000000000000000000000000000000000000000000000000
00000000000000000000000000000000000000000000000000
00000000000000000000000000000000000000000000000000
00000000000000000000000000000000000000000000000000
